# strong transients (industrial hits / impacts / edit slams): time_s strength(x local median)
0.2 39.599998474121094
0.86 7.300000190734863
1.66 4.5
2.93 5.0
4.86 9.5
5.51 8.100000381469727
6.15 6.199999809265137
10.99 4.800000190734863
16.92 4.699999809265137
20.65 6.099999904632568
21.29 6.199999809265137
21.77 6.400000095367432
22.27 5.099999904632568
23.23 4.599999904632568
24.18 5.599999904632568
25.32 6.400000095367432
25.8 4.800000190734863
26.27 6.699999809265137
31.58 7.300000190734863
32.22 5.0
33.49 4.900000095367432
36.7 7.0
38.32 5.699999809265137
38.96 5.300000190734863
41.82 22.799999237060547
42.47 19.799999237060547
42.95 9.399999618530273
43.76 4.900000095367432
44.56 5.400000095367432
53.65 6.0
62.25 4.800000190734863
63.53 4.800000190734863
64.8 4.900000095367432
66.87 4.800000190734863
67.35 5.0
68.79 5.099999904632568
69.43 5.099999904632568
71.18 5.400000095367432
72.78 4.900000095367432
73.89 4.599999904632568
74.36 7.5
77.87 7.5
78.83 4.599999904632568
81.7 4.599999904632568
83.93 4.5
85.21 5.199999809265137
85.84 5.300000190734863
88.7 4.699999809265137
89.33 5.0
89.97 4.599999904632568
92.09 6.099999904632568
92.82 4.699999809265137
95.7 7.900000095367432
96.82 5.599999904632568
99.36 5.300000190734863
100.79 7.699999809265137
104.92 4.800000190734863
111.61 5.300000190734863
114.15 5.199999809265137
114.79 5.300000190734863
115.26 5.099999904632568
115.74 5.300000190734863
116.22 5.900000095367432
116.7 5.0
117.69 5.400000095367432
118.26 16.700000762939453
119.08 11.300000190734863
119.87 13.399999618530273
121.02 12.600000381469727
122.47 10.300000190734863
123.14 8.0
123.81 8.600000381469727
125.48 8.199999809265137
126.34 7.900000095367432
127.8 4.5
132.4 5.099999904632568
133.06 4.599999904632568
133.72 4.5
134.36 7.300000190734863
142.07 4.5
143.03 4.900000095367432
144.96 4.800000190734863
146.09 10.199999809265137
147.85 4.699999809265137
148.82 8.899999618530273
149.78 4.800000190734863
150.89 8.199999809265137
152.35 4.900000095367432
153.62 6.099999904632568
154.91 4.699999809265137
155.55 5.5
156.4 5.5
157.47 11.5
159.08 4.800000190734863
160.68 4.699999809265137
162.6 4.900000095367432
167.73 4.699999809265137
170.63 4.900000095367432
171.58 4.800000190734863
172.86 6.199999809265137
174.15 4.699999809265137
175.1 4.800000190734863
175.75 6.199999809265137
183.1 6.0
183.76 7.400000095367432
184.73 9.5
185.3 5.300000190734863
186.12 15.0
186.78 11.399999618530273
188.1 9.800000190734863
191.52 5.400000095367432
192.01 5.599999904632568
192.55 15.199999809265137
193.19 13.600000381469727
193.77 39.79999923706055
194.34 15.5
194.97 20.600000381469727
195.62 19.600000381469727
196.28 19.5
196.94 20.700000762939453
197.6 21.200000762939453
198.26 21.600000381469727
199.27 9.5
199.94 18.100000381469727
200.6 11.600000381469727
201.38 8.5
201.94 8.399999618530273
202.61 16.399999618530273
203.28 17.799999237060547
204.12 10.0
204.93 31.100000381469727
205.78 14.699999809265137
206.27 7.5
207.23 6.599999904632568
215.86 4.5
216.53 5.5
217.35 4.900000095367432
218.56 6.400000095367432
219.18 28.100000381469727
219.66 7.800000190734863
220.24 6.599999904632568
220.89 11.0
221.62 5.900000095367432
222.11 16.700000762939453
223.18 45.20000076293945
223.68 14.0
224.18 13.399999618530273
224.84 10.899999618530273
225.37 6.699999809265137
226.51 5.5
227.17 9.600000381469727
227.83 5.800000190734863
228.5 7.099999904632568
229.15 6.400000095367432
229.81 5.400000095367432
230.31 5.699999809265137
230.81 5.599999904632568
231.79 7.199999809265137
232.45 5.400000095367432
233.12 6.5
233.78 5.400000095367432
234.43 7.099999904632568
235.09 5.5
235.75 5.099999904632568
236.41 6.699999809265137
237.06 18.700000762939453
237.73 9.600000381469727
238.59 20.700000762939453