# onset peaks: time strength(x global median)
5.6 10.3
26.27 5.5
26.74 6.7
31.23 6.2
35.86 7.3
36.49 7.9
36.82 7.1
37.14 6.9
37.45 5.9
38.42 6.8
38.73 6.5
39.06 5.7
40.97 5.6
41.29 5.6
41.6 6.9
41.92 9.5
42.25 5.8
43.04 5.6
43.53 5.9
43.84 5.9
46.7 22.9
47.03 8.8
47.33 16.8
47.79 10.0
48.3 10.8
49.42 5.7
50.85 10.2
53.39 6.4
58.47 9.4
73.54 5.9
73.85 5.7
74.33 5.6
75.92 6.3
76.86 5.9
78.45 6.2
79.09 8.6
79.4 6.6
81.93 7.2
82.57 7.6
86.38 5.6
88.92 6.3
96.75 8.8
97.18 7.6
97.79 12.0
100.35 7.0
102.24 5.2
105.41 8.0
116.19 5.4
116.51 6.0
122.87 12.3
123.54 12.8
123.86 15.0
124.3 11.9
124.68 8.3
125.0 10.4
125.33 10.9
125.65 10.2
127.19 5.7
127.81 8.4
130.01 7.4
130.28 6.1
131.03 7.3
132.5 6.3
136.5 6.1
138.8 6.3
139.17 7.2
150.6 6.8
150.94 7.3
151.25 7.4
153.22 6.5
153.52 6.1
153.87 11.3
155.83 6.8
156.18 6.7
156.48 6.2
160.38 9.7
160.72 7.1
161.04 6.1
161.51 5.9
162.02 13.8
162.67 12.6
166.89 5.4
174.35 5.8
178.24 5.4
187.97 7.4
188.59 7.8
189.25 9.6
190.22 10.3
191.65 22.5
192.31 11.9
193.42 6.2
193.79 11.2
195.09 10.6
196.36 7.2
197.63 9.1
197.93 7.6
198.22 13.2
198.86 9.4
199.4 35.3
199.7 15.6
199.98 11.2
200.57 16.7
200.95 28.4
201.27 16.0
201.6 18.6
201.92 14.0
202.26 16.4
202.58 15.0
202.92 16.0
203.24 16.1
203.58 16.2
203.92 11.0
204.24 13.7
204.92 6.0
205.58 10.3
205.91 12.4
206.24 10.9
206.85 6.2
207.25 10.8
208.1 5.9
208.42 5.6
208.76 7.0
209.22 7.3
209.76 10.1
210.6 17.6
210.94 12.4
211.44 11.6
212.25 23.6
212.93 8.2
224.86 12.2
226.22 6.1
226.59 6.5
226.89 6.2
227.59 9.4
227.86 10.7
228.57 36.9
228.91 8.4
229.24 8.5
229.56 7.8
229.89 8.4
230.39 10.3
230.71 10.0
231.39 33.4
232.72 6.3
234.05 6.5
234.71 5.2
237.35 5.1